function Spring = spring2D(k)

Spring=[0 0 0 0 0 0
        0 0 0 0 0 0
        0 0 k 0 0 -k
        0 0 0 0 0 0
        0 0 0 0 0 0
        0 0 -k 0 0 k];
end